epoch 29:
mean: 0.47294118099999993
std: 0.023931211641748287
