epoch 29:
mean: 0.7999999899999999
std: 0.04444444433333845
