epoch 29:
mean: 0.458290157
std: 0.03428019107791644
