epoch 29:
mean: 0.667790279
std: 0.026433027199057414
